{"metadata":{"documentId":"ebc9190f428cf30153c06148","wvm":"w","wvmId":"8e27fa4d26837b5b136fb4a1","elementId":"d2f73f6396ee11d44c08fc80","parameter":"governerLift","valueTemplate":"{value} millimeter"},"values":[0.0,0.5,1.0,1.5,2.0,2.5,3.0,3.5,4.0,4.5,5.0,5.5,6.0,6.5,7.0,7.5],"matrixTable":[[-0.514497,0.857492,0.0,0.044237,-0.857492,-0.514497,0.0,-0.206627,0.0,0.0,1.0,0.25516,0.0,0.0,0.0,1.0],[1.0,0.0,0.0,0.117384,0.0,0.514486,0.857499,-0.20687,0.0,-0.857499,0.514486,0.263208,0.0,0.0,0.0,1.0],[1.0,0.0,0.0,-0.040694,0.0,1.0,0.0,-0.268389,0.0,0.0,1.0,0.259444,0.0,0.0,0.0,1.0],[0.789278,0.0,0.614035,0.209337,0.614035,0.0,-0.789278,-0.240607,0.0,1.0,0.0,0.207697,0.0,0.0,0.0,1.0],[1.0,0.0,0.0,0.087893,0.0,1.0,0.0,-0.289423,0.0,0.0,1.0,0.33486,0.0,0.0,0.0,1.0],[0.0,-0.136268,-0.990672,-0.016882,0.0,0.990672,-0.136268,-0.261514,1.0,0.0,0.0,0.277719,0.0,0.0,0.0,1.0],[0.994692,0.0,0.1029,0.043513,0.0,1.0,0.0,-0.279104,-0.1029,0.0,0.994692,0.346856,0.0,0.0,0.0,1.0],[0.781312,0.0,0.624141,0.252269,0.624141,0.0,-0.781312,-0.297757,0.0,1.0,0.0,0.184412,0.0,0.0,0.0,1.0],[0.32686,0.0,-0.945073,0.231562,-0.945073,0.0,-0.32686,-0.240607,0.0,1.0,0.0,0.207062,0.0,0.0,0.0,1.0],[1.0,0.0,0.0,0.26735,0.0,1.0,0.0,-0.180282,0.0,0.0,1.0,0.1785,0.0,0.0,0.0,1.0],[0.0,-0.363373,0.931644,0.005303,0.0,-0.931644,-0.363373,-0.257871,1.0,0.0,0.0,0.173325,0.0,0.0,0.0,1.0],[0.999582,-0.028917,0.0,0.128375,0.028917,0.999582,0.0,-0.292995,0.0,0.0,1.0,0.175325,0.0,0.0,0.0,1.0],[-0.567192,0.0,0.823586,0.035349,0.0,-1.0,0.0,-0.229447,0.823586,0.0,0.567192,0.203843,0.0,0.0,0.0,1.0],[1.0,0.0,0.0,0.029187,0.0,-0.027571,-0.99962,-0.272598,0.0,0.99962,-0.027571,0.219534,0.0,0.0,0.0,1.0],[1.0,0.0,0.0,0.011693,0.0,1.0,0.0,-0.31522,0.0,0.0,1.0,0.168578,0.0,0.0,0.0,1.0],[0.998017,-0.06294,0.0,0.200606,0.06294,0.998017,0.0,-0.142182,0.0,0.0,1.0,0.184031,0.0,0.0,0.0,1.0],[0.996364,0.0,0.085198,-0.012913,0.0,1.0,0.0,-0.279104,-0.085198,0.0,0.996364,0.362589,0.0,0.0,0.0,1.0],[0.027563,0.0,0.99962,0.154172,0.99962,0.0,-0.027563,-0.252493,0.0,1.0,0.0,0.183243,0.0,0.0,0.0,1.0],[0.997413,0.0,-0.071881,0.229783,0.0,1.0,0.0,-0.268389,0.071881,0.0,0.997413,0.164028,0.0,0.0,0.0,1.0],[-0.02679,0.999639,-0.002265,0.220556,-0.996085,-0.026885,-0.084216,-0.205703,-0.084247,0.0,0.996445,0.338062,0.0,0.0,0.0,1.0],[0.0,0.160066,0.987106,0.048447,-1.0,0.0,0.0,-0.228701,0.0,-0.987106,0.160066,0.266053,0.0,0.0,0.0,1.0],[0.0,-0.9999,-0.014128,0.149806,1.0,0.0,0.0,-0.260054,0.0,-0.014128,0.9999,0.232102,0.0,0.0,0.0,1.0],[0.0,-1.0,0.0,0.044237,1.0,0.0,0.0,-0.219176,0.0,0.0,1.0,0.261844,0.0,0.0,0.0,1.0],[0.0,-0.961817,0.273695,0.252269,0.0,0.273695,0.961817,-0.297757,-1.0,0.0,0.0,0.18365,0.0,0.0,0.0,1.0],[0.0,-0.789813,0.613348,-0.016882,0.0,-0.613348,-0.789813,-0.275263,1.0,0.0,0.0,0.277719,0.0,0.0,0.0,1.0],[0.0,0.995369,0.096123,0.048447,1.0,0.0,0.0,-0.233176,0.0,0.096123,-0.995369,0.257634,0.0,0.0,0.0,1.0],[0.963253,0.0,0.268595,0.045042,0.0,1.0,0.0,-0.273945,-0.268595,0.0,0.963253,0.346429,0.0,0.0,0.0,1.0],[0.0,-1.0,0.0,0.029899,0.343583,0.0,0.939122,-0.280295,-0.939122,0.0,0.343583,0.223744,0.0,0.0,0.0,1.0],[0.877521,0.479538,0.0,0.200606,-0.479538,0.877521,0.0,-0.142182,0.0,0.0,1.0,0.171318,0.0,0.0,0.0,1.0],[1.0,0.0,0.0,0.103768,0.0,1.0,0.0,-0.247354,0.0,0.0,1.0,0.36265,0.0,0.0,0.0,1.0],[0.996364,0.0,0.085198,-0.012913,0.0,1.0,0.0,-0.257673,-0.085198,0.0,0.996364,0.362589,0.0,0.0,0.0,1.0],[1.0,0.0,0.0,0.099901,0.0,1.0,0.0,-0.121942,0.0,0.0,1.0,0.168578,0.0,0.0,0.0,1.0],[-0.960473,0.0,0.278374,-0.012913,0.278374,0.0,0.960473,-0.247354,0.0,1.0,0.0,0.271921,0.0,0.0,0.0,1.0],[0.203846,0.0,-0.979003,0.141075,0.979003,0.0,0.203846,-0.260054,0.0,-1.0,0.0,0.180881,0.0,0.0,0.0,1.0],[1.0,0.0,0.0,0.149806,0.0,1.0,0.0,-0.260054,0.0,0.0,1.0,0.18289,0.0,0.0,0.0,1.0],[0.778005,0.0,0.628258,0.26735,0.0,1.0,0.0,-0.340626,-0.628258,0.0,0.778005,0.188819,0.0,0.0,0.0,1.0],[1.0,0.0,0.0,0.22045,0.0,1.0,0.0,-0.142182,0.0,0.0,1.0,0.205462,0.0,0.0,0.0,1.0],[-0.695112,-0.718901,0.0,0.044237,0.718901,-0.695112,0.0,-0.206627,0.0,0.0,1.0,0.275536,0.0,0.0,0.0,1.0],[0.875275,0.483625,0.0,0.011693,-0.483625,0.875275,0.0,-0.221557,0.0,0.0,1.0,0.155865,0.0,0.0,0.0,1.0],[1.0,0.0,0.0,0.341201,0.0,1.0,0.0,-0.121942,0.0,0.0,1.0,0.155865,0.0,0.0,0.0,1.0],[1.0,0.0,0.0,-0.012913,0.0,1.0,0.0,-0.268389,0.0,0.0,1.0,0.180087,0.0,0.0,0.0,1.0],[0.875275,0.483625,0.0,0.190287,-0.483625,0.875275,0.0,-0.31522,0.0,0.0,1.0,0.155865,0.0,0.0,0.0,1.0],[1.0,0.0,0.0,0.103768,0.0,1.0,0.0,-0.268389,0.0,0.0,1.0,0.164212,0.0,0.0,0.0,1.0],[-0.293956,0.0,0.955819,0.2194,0.0,-1.0,0.0,-0.227463,0.955819,0.0,0.293956,0.197789,0.0,0.0,0.0,1.0],[0.32686,0.0,-0.945073,0.209337,-0.945073,0.0,-0.32686,-0.142182,0.0,1.0,0.0,0.207062,0.0,0.0,0.0,1.0],[0.86903,0.0,0.494759,0.026378,0.494759,0.0,-0.86903,-0.296357,0.0,1.0,0.0,0.18485,0.0,0.0,0.0,1.0],[0.875275,0.483625,0.0,0.307762,-0.483625,0.875275,0.0,-0.31522,0.0,0.0,1.0,0.155865,0.0,0.0,0.0,1.0],[-0.181431,-0.983404,0.0,0.095831,0.983404,-0.181431,0.0,-0.247354,0.0,0.0,1.0,0.355538,0.0,0.0,0.0,1.0],[-0.631896,-0.775054,0.0,0.044237,0.775054,-0.631896,0.0,-0.219176,0.0,0.0,1.0,0.260907,0.0,0.0,0.0,1.0],[0.781312,0.0,0.624141,0.252269,0.624141,0.0,-0.781312,-0.180282,0.0,1.0,0.0,0.184412,0.0,0.0,0.0,1.0],[0.0,-0.963253,0.268595,0.009629,1.0,0.0,0.0,-0.285215,0.0,0.268595,0.963253,0.334804,0.0,0.0,0.0,1.0],[1.0,0.0,0.0,0.021615,0.0,1.0,0.0,-0.268206,0.0,0.0,1.0,0.248747,0.0,0.0,0.0,1.0],[0.025556,0.999639,0.008348,0.220556,0.950223,-0.026885,0.310407,-0.205703,0.310519,0.0,-0.950567,0.338062,0.0,0.0,0.0,1.0],[-0.62556,0.628258,0.462565,0.26735,0.594553,0.0,0.804056,-0.186639,0.505155,0.778005,-0.373533,0.188819,0.0,0.0,0.0,1.0],[0.0,-0.805206,0.592995,0.040028,1.0,0.0,0.0,-0.193776,0.0,0.592995,0.805206,0.266053,0.0,0.0,0.0,1.0],[0.708138,-0.172474,-0.684685,0.188453,0.0,0.969707,-0.244271,-0.205397,0.706074,0.172978,0.686686,0.263237,0.0,0.0,0.0,1.0],[0.960697,0.0,-0.277598,-0.031129,-0.277598,0.0,-0.960697,-0.257871,0.0,1.0,0.0,0.272607,0.0,0.0,0.0,1.0],[-0.181431,-0.983404,0.0,0.095831,0.983404,-0.181431,0.0,-0.289423,0.0,0.0,1.0,0.355538,0.0,0.0,0.0,1.0],[-0.720756,0.0,-0.693189,0.005303,-0.693189,0.0,0.720756,-0.257871,0.0,1.0,0.0,0.272607,0.0,0.0,0.0,1.0],[0.963705,0.0,0.266969,0.103768,0.0,1.0,0.0,-0.268389,-0.266969,0.0,0.963705,0.36265,0.0,0.0,0.0,1.0],[0.211739,0.0,-0.977326,0.031934,-0.977326,0.0,-0.211739,-0.296357,0.0,1.0,0.0,0.195867,0.0,0.0,0.0,1.0],[0.994692,0.0,0.1029,0.043513,0.0,1.0,0.0,-0.257673,-0.1029,0.0,0.994692,0.346856,0.0,0.0,0.0,1.0],[0.960977,0.0,-0.276629,0.043513,0.0,1.0,0.0,-0.286248,0.276629,0.0,0.960977,0.346856,0.0,0.0,0.0,1.0],[1.0,0.0,0.0,0.204575,0.0,1.0,0.0,-0.209651,0.0,0.0,1.0,0.287586,0.0,0.0,0.0,1.0],[0.0,-0.47261,0.881272,-0.004975,0.0,0.881272,0.47261,-0.268389,-1.0,0.0,0.0,0.285305,0.0,0.0,0.0,1.0],[1.0,0.0,0.0,0.128375,0.0,1.0,0.0,-0.243782,0.0,0.0,1.0,0.192762,0.0,0.0,0.0,1.0],[1.0,0.0,0.0,0.119643,0.0,1.0,0.0,-0.289423,0.0,0.0,1.0,0.342806,0.0,0.0,0.0,1.0],[0.0,0.954024,0.299729,0.005896,1.0,0.0,0.0,-0.288311,0.0,0.299729,-0.954024,0.219534,0.0,0.0,0.0,1.0],[1.0,0.0,0.0,0.22045,0.0,1.0,0.0,-0.209651,0.0,0.0,1.0,0.21025,0.0,0.0,0.0,1.0],[1.0,0.0,0.0,0.220551,0.0,1.0,0.0,-0.121942,0.0,0.0,1.0,0.155865,0.0,0.0,0.0,1.0],[0.0,0.991382,-0.131005,0.026378,0.0,-0.131005,-0.991382,-0.240607,-1.0,0.0,0.0,0.184469,0.0,0.0,0.0,1.0],[0.851915,0.0,-0.52368,0.154172,-0.52368,0.0,-0.851915,-0.267616,0.0,1.0,0.0,0.183243,0.0,0.0,0.0,1.0],[-0.025922,0.999639,0.007133,0.220556,-0.963817,-0.026885,0.265206,-0.205684,0.265302,0.0,0.964165,0.298526,0.0,0.0,0.0,1.0],[-0.082663,0.019265,0.996391,0.024398,-0.226977,-0.9739,0.0,-0.231082,0.970386,-0.226158,0.084878,0.186977,0.0,0.0,0.0,1.0],[-0.026885,0.999639,0.0,0.22045,-0.999639,-0.026885,0.0,-0.209651,0.0,0.0,1.0,0.329728,0.0,0.0,0.0,1.0],[0.0,-0.592995,-0.805206,0.040028,1.0,0.0,0.0,-0.193776,0.0,-0.805206,0.592995,0.257634,0.0,0.0,0.0,1.0],[-0.026715,0.999639,-0.003022,0.220184,-0.993304,-0.026885,-0.11236,-0.219513,-0.112401,0.0,0.993663,0.319954,0.0,0.0,0.0,1.0],[0.999582,-0.028917,0.0,0.079162,0.028917,0.999582,0.0,-0.292995,0.0,0.0,1.0,0.175325,0.0,0.0,0.0,1.0],[0.211739,0.0,-0.977326,0.041459,-0.977326,0.0,-0.211739,-0.240607,0.0,1.0,0.0,0.195867,0.0,0.0,0.0,1.0],[0.0,0.363373,-0.931644,-0.031129,0.0,0.931644,0.363373,-0.278906,1.0,0.0,0.0,0.173325,0.0,0.0,0.0,1.0],[1.0,0.0,0.0,0.22045,0.0,1.0,0.0,-0.142182,0.0,0.0,1.0,0.179294,0.0,0.0,0.0,1.0],[-0.977711,0.209957,0.0,0.1633,0.209957,0.977711,0.0,-0.260054,0.0,0.0,-1.0,0.1785,0.0,0.0,0.0,1.0],[1.0,0.0,0.0,-0.013314,0.0,1.0,0.0,-0.248545,0.0,0.0,1.0,0.330497,0.0,0.0,0.0,1.0],[0.586915,0.0,-0.809649,0.020866,0.0,-1.0,0.0,-0.253522,-0.809649,0.0,-0.586915,0.189219,0.0,0.0,0.0,1.0],[1.0,0.0,0.0,0.280876,0.0,1.0,0.0,-0.121942,0.0,0.0,1.0,0.155865,0.0,0.0,0.0,1.0],[0.348925,-0.937151,0.0,0.1633,0.937151,0.348925,0.0,-0.260054,0.0,0.0,1.0,0.170175,0.0,0.0,0.0,1.0],[1.0,0.0,0.0,0.119643,0.0,1.0,0.0,-0.247354,0.0,0.0,1.0,0.342806,0.0,0.0,0.0,1.0],[0.52906,0.0,-0.848585,0.103768,0.0,1.0,0.0,-0.268389,0.848585,0.0,0.52906,0.36265,0.0,0.0,0.0,1.0],[0.0,0.299729,-0.954024,0.005896,1.0,0.0,0.0,-0.288311,0.0,-0.954024,-0.299729,0.227953,0.0,0.0,0.0,1.0],[1.0,0.0,0.0,0.073606,0.0,1.0,0.0,-0.31522,0.0,0.0,1.0,0.168578,0.0,0.0,0.0,1.0],[1.0,-1e-05,0.0,0.22045,1e-05,1.0,0.0,-0.209651,0.0,0.0,1.0,0.202728,0.0,0.0,0.0,1.0],[0.875275,0.483625,0.0,0.073606,-0.483625,0.875275,0.0,-0.221557,0.0,0.0,1.0,0.155865,0.0,0.0,0.0,1.0],[0.0,-1.0,0.0,0.029899,0.343583,0.0,0.939122,-0.280295,-0.939122,0.0,0.343583,0.207075,0.0,0.0,0.0,1.0],[0.995631,0.0,0.093372,0.041459,-0.093372,0.0,0.995631,-0.296357,0.0,-1.0,0.0,0.193581,0.0,0.0,0.0,1.0],[1.0,0.0,0.0,0.358562,0.0,-1.0,0.0,-0.113607,0.0,0.0,-1.0,0.164212,0.0,0.0,0.0,1.0],[0.0,-0.21351,0.976941,0.014315,-1.0,0.0,0.0,-0.283043,0.0,-0.976941,-0.21351,0.219534,0.0,0.0,0.0,1.0],[0.999984,0.005651,0.0,-0.040694,-0.005651,0.999984,0.0,-0.268389,0.0,0.0,1.0,0.2674,0.0,0.0,0.0,1.0],[0.778005,0.0,0.628258,0.26735,0.0,1.0,0.0,-0.194576,-0.628258,0.0,0.778005,0.188819,0.0,0.0,0.0,1.0],[0.0,1.0,0.0,0.031931,0.150244,0.0,-0.988649,-0.280295,-0.988649,0.0,-0.150244,0.207075,0.0,0.0,0.0,1.0],[1.0,0.0,0.0,0.010106,0.0,1.0,0.0,-0.285057,0.0,0.0,1.0,0.223744,0.0,0.0,0.0,1.0],[1.0,0.0,0.0,0.119643,0.0,1.0,0.0,-0.247354,0.0,0.0,1.0,0.33486,0.0,0.0,0.0,1.0],[1.0,0.0,0.0,0.22045,0.0,1.0,0.0,-0.209651,0.0,0.0,1.0,0.265361,0.0,0.0,0.0,1.0],[1.0,0.0,0.0,0.036697,0.0,1.0,0.0,-0.240607,0.0,0.0,1.0,0.179294,0.0,0.0,0.0,1.0],[1.0,0.0,0.0,0.087893,0.0,1.0,0.0,-0.289423,0.0,0.0,1.0,0.342806,0.0,0.0,0.0,1.0],[0.363995,0.0,-0.931401,0.260206,-0.931401,0.0,-0.363995,-0.297757,0.0,1.0,0.0,0.193537,0.0,0.0,0.0,1.0],[1.0,0.0,0.0,0.044237,0.0,1.0,0.0,-0.230289,0.0,0.0,1.0,0.261844,0.0,0.0,0.0,1.0],[0.363995,0.0,-0.931401,0.274494,-0.931401,0.0,-0.363995,-0.180282,0.0,1.0,0.0,0.193537,0.0,0.0,0.0,1.0],[0.363995,0.0,-0.931401,0.260206,-0.931401,0.0,-0.363995,-0.180282,0.0,1.0,0.0,0.193537,0.0,0.0,0.0,1.0],[1.0,0.0,0.0,0.031537,0.0,1.0,0.0,-0.268389,0.0,0.0,1.0,0.223744,0.0,0.0,0.0,1.0],[0.0,-0.999827,0.018591,0.149806,1.0,0.0,0.0,-0.257673,0.0,0.018591,0.999827,0.232102,0.0,0.0,0.0,1.0],[1.0,0.0,0.0,0.073606,0.0,1.0,0.0,-0.221557,0.0,0.0,1.0,0.168578,0.0,0.0,0.0,1.0],[0.955809,0.0,-0.293989,0.224883,0.0,1.0,0.0,-0.142182,0.293989,0.0,0.955809,0.17996,0.0,0.0,0.0,1.0],[-0.3815,0.0,-0.924369,0.274494,0.924369,0.0,-0.3815,-0.297757,0.0,-1.0,0.0,0.191175,0.0,0.0,0.0,1.0],[0.0,-1.0,0.0,0.029899,0.343583,0.0,0.939122,-0.280295,-0.939122,0.0,0.343583,0.240412,0.0,0.0,0.0,1.0],[0.0,0.988514,-0.151131,-0.031129,0.0,0.151131,0.988514,-0.257871,1.0,0.0,0.0,0.173325,0.0,0.0,0.0,1.0],[0.0,-0.995369,-0.096123,0.040028,1.0,0.0,0.0,-0.233176,0.0,-0.096123,0.995369,0.266053,0.0,0.0,0.0,1.0],[0.0,0.991382,-0.131005,0.026378,0.0,-0.131005,-0.991382,-0.296357,-1.0,0.0,0.0,0.184469,0.0,0.0,0.0,1.0],[0.789278,0.0,0.614035,0.209337,0.614035,0.0,-0.789278,-0.142182,0.0,1.0,0.0,0.207697,0.0,0.0,0.0,1.0],[0.0,0.991382,-0.131005,0.047015,0.0,-0.131005,-0.991382,-0.240607,-1.0,0.0,0.0,0.184469,0.0,0.0,0.0,1.0],[-0.960697,0.0,0.277598,0.005303,0.277598,0.0,0.960697,-0.278906,0.0,1.0,0.0,0.272607,0.0,0.0,0.0,1.0],[0.0,-0.160066,-0.987106,0.040028,-1.0,0.0,0.0,-0.228701,0.0,0.987106,-0.160066,0.257634,0.0,0.0,0.0,1.0],[0.0,0.177885,-0.984051,0.040028,-1.0,0.0,0.0,-0.189301,0.0,0.984051,0.177885,0.257634,0.0,0.0,0.0,1.0],[1.0,0.0,0.0,0.044237,0.0,1.0,0.0,-0.206627,0.0,0.0,1.0,0.25516,0.0,0.0,0.0,1.0],[1.0,0.0,0.0,0.029187,0.0,0.99962,-0.027571,-0.272598,0.0,0.027571,0.99962,0.227953,0.0,0.0,0.0,1.0],[0.0,0.926081,0.377324,-0.004975,0.0,-0.377324,0.926081,-0.268389,1.0,0.0,0.0,0.277719,0.0,0.0,0.0,1.0],[0.9999,0.0,-0.014128,0.149806,0.0,1.0,0.0,-0.256085,0.014128,0.0,0.9999,0.232077,0.0,0.0,0.0,1.0],[-0.025922,0.999639,-0.007133,0.220343,-0.963817,-0.026885,-0.265206,-0.213618,-0.265302,0.0,0.964165,0.298526,0.0,0.0,0.0,1.0],[0.766044,-0.504064,-0.398868,0.216756,0.642788,0.60072,0.475353,-0.21275,0.0,-0.620529,0.784184,0.265361,0.0,0.0,0.0,1.0],[0.16216,0.955814,-0.245202,0.22045,-0.834098,0.0,-0.551616,-0.199256,-0.527243,0.293972,0.797242,0.194375,0.0,0.0,0.0,1.0],[0.99946,0.0,0.032874,0.216214,0.0,1.0,0.0,-0.227463,-0.032874,0.0,0.99946,0.212983,0.0,0.0,0.0,1.0],[0.995475,0.0,-0.095021,0.04678,0.0,1.0,0.0,-0.268389,0.095021,0.0,0.995475,0.378437,0.0,0.0,0.0,1.0],[1.0,0.0,0.0,0.133931,0.0,1.0,0.0,-0.31522,0.0,0.0,1.0,0.168578,0.0,0.0,0.0,1.0],[0.86903,0.0,0.494759,0.047015,0.494759,0.0,-0.86903,-0.240607,0.0,1.0,0.0,0.18485,0.0,0.0,0.0,1.0],[-0.536448,0.006506,0.843908,0.040588,0.843933,0.004135,0.536432,-0.206916,0.0,0.99997,-0.007709,0.278308,0.0,0.0,0.0,1.0],[-1.0,0.0,0.0,0.22045,0.0,-1.0,0.0,-0.209651,0.0,0.0,1.0,0.226125,0.0,0.0,0.0,1.0],[1.0,0.0,0.0,0.250612,0.0,1.0,0.0,-0.31522,0.0,0.0,1.0,0.168578,0.0,0.0,0.0,1.0],[0.680202,0.0,-0.733025,0.217745,0.0,1.0,0.0,-0.268389,0.733025,0.0,0.680202,0.331076,0.0,0.0,0.0,1.0],[-0.772237,0.0,-0.635334,-0.031129,0.635334,0.0,-0.772237,-0.257871,0.0,-1.0,0.0,0.172563,0.0,0.0,0.0,1.0],[-0.026817,0.999639,0.001922,0.220556,-0.997082,-0.026885,0.071445,-0.205684,0.071471,0.0,0.997443,0.298526,0.0,0.0,0.0,1.0],[-0.3815,0.0,-0.924369,0.260206,0.924369,0.0,-0.3815,-0.297757,0.0,-1.0,0.0,0.191175,0.0,0.0,0.0,1.0],[1.0,0.0,0.0,0.027568,0.0,1.0,0.0,-0.268389,0.0,0.0,1.0,0.223744,0.0,0.0,0.0,1.0],[0.769266,0.0,-0.638929,0.201003,-0.638929,0.0,-0.769266,-0.217589,0.0,1.0,0.0,0.186818,0.0,0.0,0.0,1.0],[0.710052,0.0,-0.704149,0.035349,0.0,1.0,0.0,-0.232622,0.704149,0.0,0.710052,0.203843,0.0,0.0,0.0,1.0],[0.0,-1.0,0.0,0.148135,1.0,0.0,0.0,-0.257975,0.0,0.0,1.0,0.350359,0.0,0.0,0.0,1.0],[0.999582,-0.028917,0.0,0.128375,0.028917,0.999582,0.0,-0.243782,0.0,0.0,1.0,0.175325,0.0,0.0,0.0,1.0],[-0.164097,0.0,0.986444,-0.012913,-0.986444,0.0,-0.164097,-0.289423,0.0,-1.0,0.0,0.172563,0.0,0.0,0.0,1.0],[0.0,-0.62514,-0.780512,-0.012913,0.0,0.780512,-0.62514,-0.289423,1.0,0.0,0.0,0.173325,0.0,0.0,0.0,1.0],[-0.955814,0.0,0.293972,0.22045,0.0,1.0,0.0,-0.19457,-0.293972,0.0,-0.955814,0.194375,0.0,0.0,0.0,1.0],[0.0,-0.076353,-0.997081,-0.004975,0.0,-0.997081,0.076353,-0.268389,-1.0,0.0,0.0,0.286605,0.0,0.0,0.0,1.0],[0.0,0.989765,0.142709,0.148135,-1.0,0.0,0.0,-0.255675,0.0,-0.142709,0.989765,0.350359,0.0,0.0,0.0,1.0],[1.0,0.0,0.0,0.149806,0.0,1.0,0.0,-0.260054,0.0,0.0,1.0,0.222602,0.0,0.0,0.0,1.0],[1.0,-1e-05,0.0,0.22045,1e-05,1.0,0.0,-0.209651,0.0,0.0,1.0,0.194375,0.0,0.0,0.0,1.0],[1.0,0.0,0.0,0.099901,0.0,1.0,0.0,-0.121942,0.0,0.0,1.0,0.155865,0.0,0.0,0.0,1.0],[0.997166,-0.075228,0.0,0.036697,0.0,0.0,1.0,-0.281652,-0.075228,-0.997166,0.0,0.188025,0.0,0.0,0.0,1.0],[0.0,0.592995,0.805206,0.048447,1.0,0.0,0.0,-0.193776,0.0,0.805206,-0.592995,0.266053,0.0,0.0,0.0,1.0],[-0.106956,0.0,0.994264,0.020866,0.0,1.0,0.0,-0.255827,-0.994264,0.0,-0.106956,0.189219,0.0,0.0,0.0,1.0],[0.781312,0.0,0.624141,0.282431,0.624141,0.0,-0.781312,-0.297757,0.0,1.0,0.0,0.184412,0.0,0.0,0.0,1.0],[1.0,0.0,0.0,0.033125,0.0,-1.0,0.0,-0.264179,0.0,0.0,-1.0,0.219534,0.0,0.0,0.0,1.0],[-0.936334,0.0,0.35111,-0.031129,-0.35111,0.0,-0.936334,-0.278906,0.0,-1.0,0.0,0.172563,0.0,0.0,0.0,1.0],[0.963705,0.0,0.266968,0.103768,0.0,1.0,0.0,-0.25378,-0.266968,0.0,0.963705,0.36265,0.0,0.0,0.0,1.0],[-0.988925,0.148419,0.0,0.1633,0.148419,0.988925,0.0,-0.260054,0.0,0.0,-1.0,0.174531,0.0,0.0,0.0,1.0],[1.0,0.0,0.0,0.033125,0.0,0.0,1.0,-0.264179,0.0,-1.0,0.0,0.227953,0.0,0.0,0.0,1.0],[0.708138,0.0,-0.706074,0.188425,0.0,1.0,0.0,-0.210762,0.706074,0.0,0.708138,0.263208,0.0,0.0,0.0,1.0],[0.997166,-0.075228,0.0,0.036697,0.0,0.0,1.0,-0.254588,-0.075228,-0.997166,0.0,0.188025,0.0,0.0,0.0,1.0],[1.0,0.0,0.0,0.103768,0.0,1.0,0.0,-0.275135,0.0,0.0,1.0,0.36265,0.0,0.0,0.0,1.0],[0.0,1.0,0.0,0.031931,0.150244,0.0,-0.988649,-0.256482,-0.988649,0.0,-0.150244,0.240412,0.0,0.0,0.0,1.0],[1.0,0.0,0.0,0.160226,0.0,1.0,0.0,-0.121942,0.0,0.0,1.0,0.155865,0.0,0.0,0.0,1.0],[1.0,0.0,0.0,0.16911,0.0,1.0,0.0,-0.260054,0.0,0.0,1.0,0.18485,0.0,0.0,0.0,1.0],[0.997166,0.0,0.075228,0.036697,0.0,1.0,0.0,-0.281652,-0.075228,0.0,0.997166,0.188025,0.0,0.0,0.0,1.0],[0.363995,0.0,-0.931401,0.274494,-0.931401,0.0,-0.363995,-0.297757,0.0,1.0,0.0,0.193537,0.0,0.0,0.0,1.0],[0.0,-0.984051,-0.177885,0.048447,-1.0,0.0,0.0,-0.189301,0.0,0.177885,-0.984051,0.257634,0.0,0.0,0.0,1.0],[0.0,0.0,1.0,0.021615,0.0,-1.0,0.0,-0.268206,1.0,0.0,0.0,0.231609,0.0,0.0,0.0,1.0],[0.0,-1.0,0.0,0.029899,0.343583,0.0,0.939122,-0.256482,-0.939122,0.0,0.343583,0.240412,0.0,0.0,0.0,1.0],[-1.0,0.0,0.0,0.041099,0.0,0.0,1.0,-0.20687,0.0,1.0,0.0,0.282258,0.0,0.0,0.0,1.0],[1.0,0.0,0.0,0.307762,0.0,1.0,0.0,-0.31522,0.0,0.0,1.0,0.168578,0.0,0.0,0.0,1.0],[0.0,-0.937769,0.347261,0.018043,0.0,0.347261,0.937769,-0.268206,-1.0,0.0,0.0,0.252465,0.0,0.0,0.0,1.0],[0.921259,0.0,0.388949,-0.012913,0.388949,0.0,-0.921259,-0.257276,0.0,1.0,0.0,0.184563,0.0,0.0,0.0,1.0],[-0.02679,0.999639,0.002265,0.220343,-0.996085,-0.026885,0.084216,-0.213599,0.084247,0.0,0.996445,0.338062,0.0,0.0,0.0,1.0],[0.995631,0.0,0.093372,0.031934,-0.093372,0.0,0.995631,-0.240607,0.0,-1.0,0.0,0.193581,0.0,0.0,0.0,1.0],[0.011164,0.0,-0.999938,0.021241,0.0,1.0,0.0,-0.284875,0.999938,0.0,0.011164,0.222753,0.0,0.0,0.0,1.0],[1.0,0.0,0.0,-0.037519,0.0,1.0,0.0,-0.31522,0.0,0.0,1.0,0.168578,0.0,0.0,0.0,1.0],[1.0,0.0,0.0,-0.012913,0.0,1.0,0.0,-0.268389,0.0,0.0,1.0,0.273686,0.0,0.0,0.0,1.0],[0.0,-1.0,0.0,-0.012913,1.0,0.0,0.0,-0.268389,0.0,0.0,1.0,0.252258,0.0,0.0,0.0,1.0],[-0.955814,0.0,0.293972,0.22045,0.0,1.0,0.0,-0.165598,-0.293972,0.0,-0.955814,0.194375,0.0,0.0,0.0,1.0],[0.025556,0.999639,-0.008348,0.220343,0.950223,-0.026885,-0.310407,-0.213599,-0.310519,0.0,-0.950567,0.338062,0.0,0.0,0.0,1.0],[0.706074,-0.708138,0.0,0.188425,0.0,0.0,1.0,-0.208476,-0.708138,-0.706074,0.0,0.263208,0.0,0.0,0.0,1.0],[0.32686,0.0,-0.945073,0.209337,-0.945073,0.0,-0.32686,-0.240607,0.0,1.0,0.0,0.207062,0.0,0.0,0.0,1.0],[1.0,0.0,0.0,0.22045,0.0,1.0,0.0,-0.240607,0.0,0.0,1.0,0.179294,0.0,0.0,0.0,1.0],[1.0,0.0,0.0,0.103768,0.0,1.0,0.0,-0.247354,0.0,0.0,1.0,0.338044,0.0,0.0,0.0,1.0],[1.0,0.0,0.0,-0.019263,0.0,1.0,0.0,-0.268389,0.0,0.0,1.0,0.330503,0.0,0.0,0.0,1.0],[-0.026817,0.999639,-0.001922,0.220343,-0.997082,-0.026885,-0.071445,-0.213618,-0.071471,0.0,0.997443,0.298526,0.0,0.0,0.0,1.0],[0.99946,0.0,0.032874,0.064525,0.0,1.0,0.0,-0.070685,-0.032874,0.0,0.99946,0.085489,0.0,0.0,0.0,1.0],[0.0,0.769621,0.638501,0.023401,0.0,0.638501,-0.769621,-0.265113,-1.0,0.0,0.0,0.252465,0.0,0.0,0.0,1.0],[0.0,1.0,0.0,0.031931,0.150244,0.0,-0.988649,-0.280295,-0.988649,0.0,-0.150244,0.223744,0.0,0.0,0.0,1.0],[1.0,0.0,0.0,0.341201,0.0,1.0,0.0,-0.121942,0.0,0.0,1.0,0.168578,0.0,0.0,0.0,1.0],[0.011174,0.0,-0.999938,0.021241,0.0,1.0,0.0,-0.284751,0.999938,0.0,0.011174,0.222688,0.0,0.0,0.0,1.0],[0.0,1.0,0.0,0.031931,0.150244,0.0,-0.988649,-0.280295,-0.988649,0.0,-0.150244,0.240412,0.0,0.0,0.0,1.0],[0.720756,0.0,0.693189,-0.031129,0.693189,0.0,-0.720756,-0.278906,0.0,1.0,0.0,0.272607,0.0,0.0,0.0,1.0],[0.0,-0.825321,0.564664,-0.016882,0.0,0.564664,0.825321,-0.275263,-1.0,0.0,0.0,0.286605,0.0,0.0,0.0,1.0],[0.875275,0.483625,0.0,0.250612,-0.483625,0.875275,0.0,-0.31522,0.0,0.0,1.0,0.155865,0.0,0.0,0.0,1.0],[0.32686,0.0,-0.945073,0.231562,-0.945073,0.0,-0.32686,-0.142182,0.0,1.0,0.0,0.207062,0.0,0.0,0.0,1.0],[1.0,0.0,0.0,0.128375,0.0,1.0,0.0,-0.292995,0.0,0.0,1.0,0.192762,0.0,0.0,0.0,1.0],[0.0,0.999979,0.006461,-0.013314,-1.0,0.0,0.0,-0.240989,0.0,-0.006461,0.999979,0.330497,0.0,0.0,0.0,1.0],[1.0,0.0,0.0,0.029187,0.0,-0.99962,0.027571,-0.264179,0.0,-0.027571,-0.99962,0.219534,0.0,0.0,0.0,1.0],[-0.721316,0.0,-0.692606,-0.031129,-0.692606,0.0,0.721316,-0.257871,0.0,1.0,0.0,0.271921,0.0,0.0,0.0,1.0],[-0.239157,0.0,0.970981,0.005303,0.970981,0.0,0.239157,-0.257871,0.0,1.0,0.0,0.271921,0.0,0.0,0.0,1.0],[-0.548979,-0.835836,0.0,-0.012913,0.835836,-0.548979,0.0,-0.268389,0.0,0.0,1.0,0.252258,0.0,0.0,0.0,1.0],[1.0,0.0,0.0,0.021615,0.0,0.0,1.0,-0.268206,0.0,-1.0,0.0,0.260997,0.0,0.0,0.0,1.0],[0.0,0.901674,0.432417,-0.016882,0.0,0.432417,-0.901674,-0.261514,-1.0,0.0,0.0,0.286605,0.0,0.0,0.0,1.0],[1.0,0.0,0.0,0.22045,0.0,1.0,0.0,-0.240607,0.0,0.0,1.0,0.205462,0.0,0.0,0.0,1.0],[0.995631,0.0,0.093372,0.041459,-0.093372,0.0,0.995631,-0.240607,0.0,-1.0,0.0,0.193581,0.0,0.0,0.0,1.0],[0.0,-0.096123,0.995369,0.048447,1.0,0.0,0.0,-0.233176,0.0,0.995369,0.096123,0.266053,0.0,0.0,0.0,1.0],[0.011171,0.0,-0.999938,0.021241,0.0,1.0,0.0,-0.284875,0.999938,0.0,0.011171,0.222753,0.0,0.0,0.0,1.0],[1.0,0.0,0.0,0.119643,0.0,1.0,0.0,-0.289423,0.0,0.0,1.0,0.33486,0.0,0.0,0.0,1.0],[-0.3815,0.0,-0.924369,0.274494,0.924369,0.0,-0.3815,-0.180282,0.0,-1.0,0.0,0.191175,0.0,0.0,0.0,1.0],[1.0,0.0,0.0,0.149806,0.0,1.0,0.0,-0.260054,0.0,0.0,1.0,0.206805,0.0,0.0,0.0,1.0],[0.998017,-0.06294,0.0,0.240293,0.06294,0.998017,0.0,-0.240607,0.0,0.0,1.0,0.184031,0.0,0.0,0.0,1.0],[0.875275,0.483625,0.0,0.073606,-0.483625,0.875275,0.0,-0.31522,0.0,0.0,1.0,0.155865,0.0,0.0,0.0,1.0],[0.986969,0.0,0.160912,0.220243,0.0,1.0,0.0,-0.209651,-0.160912,0.0,0.986969,0.285032,0.0,0.0,0.0,1.0],[1.0,0.0,0.0,0.103768,0.0,1.0,0.0,-0.289423,0.0,0.0,1.0,0.338044,0.0,0.0,0.0,1.0],[0.999582,-0.028917,0.0,0.079162,0.028917,0.999582,0.0,-0.243782,0.0,0.0,1.0,0.175325,0.0,0.0,0.0,1.0],[-0.3815,0.0,-0.924369,0.260206,0.924369,0.0,-0.3815,-0.180282,0.0,-1.0,0.0,0.191175,0.0,0.0,0.0,1.0],[1.0,0.0,0.0,0.033125,0.0,0.0,-1.0,-0.272598,0.0,1.0,0.0,0.219534,0.0,0.0,0.0,1.0],[0.0,-0.526899,-0.849928,-0.016882,0.0,-0.849928,0.526899,-0.261514,-1.0,0.0,0.0,0.285305,0.0,0.0,0.0,1.0],[-0.026885,0.999639,0.0,0.22045,-0.999639,-0.026885,0.0,-0.209651,0.0,0.0,1.0,0.275507,0.0,0.0,0.0,1.0],[0.0,-0.961817,0.273695,0.282431,0.0,0.273695,0.961817,-0.180282,-1.0,0.0,0.0,0.18365,0.0,0.0,0.0,1.0],[-0.833604,0.0,-0.552363,-0.010208,0.0,1.0,0.0,-0.268389,0.552363,0.0,-0.833604,0.394224,0.0,0.0,0.0,1.0],[0.024324,0.0,-0.999704,0.020866,0.0,1.0,0.0,-0.28289,0.999704,0.0,0.024324,0.189219,0.0,0.0,0.0,1.0],[-0.181431,-0.983404,0.0,0.111706,0.983404,-0.181431,0.0,-0.247354,0.0,0.0,1.0,0.355538,0.0,0.0,0.0,1.0],[-0.181431,-0.983404,0.0,0.111706,0.983404,-0.181431,0.0,-0.289423,0.0,0.0,1.0,0.355538,0.0,0.0,0.0,1.0],[0.0,-0.005556,-0.999985,0.018043,0.0,0.999985,-0.005556,-0.268206,1.0,0.0,0.0,0.246006,0.0,0.0,0.0,1.0],[0.877521,0.479538,0.0,0.200606,-0.479538,0.877521,0.0,-0.240607,0.0,0.0,1.0,0.171318,0.0,0.0,0.0,1.0],[-0.004958,0.99946,0.032497,0.224559,-0.988559,0.0,-0.150833,-0.227463,-0.150751,-0.032874,0.988025,0.18253,0.0,0.0,0.0,1.0],[0.268858,0.0,-0.96318,0.042521,0.0,1.0,0.0,-0.273945,0.96318,0.0,0.268858,0.347116,0.0,0.0,0.0,1.0],[0.0,-0.978513,-0.206184,-0.013314,1.0,0.0,0.0,-0.295789,0.0,-0.206184,0.978513,0.330497,0.0,0.0,0.0,1.0],[0.011164,0.0,-0.999938,0.021241,0.0,1.0,0.0,-0.251537,0.999938,0.0,0.011164,0.222753,0.0,0.0,0.0,1.0],[1.0,0.0,0.0,0.1633,0.0,1.0,0.0,-0.260054,0.0,0.0,1.0,0.169875,0.0,0.0,0.0,1.0],[0.0,0.976941,0.21351,0.014315,-1.0,0.0,0.0,-0.283043,0.0,-0.21351,0.976941,0.227953,0.0,0.0,0.0,1.0],[1.0,0.0,0.0,0.044237,0.0,1.0,0.0,-0.219176,0.0,0.0,1.0,0.274949,0.0,0.0,0.0,1.0],[1.0,0.0,0.0,0.095831,0.0,1.0,0.0,-0.247354,0.0,0.0,1.0,0.372969,0.0,0.0,0.0,1.0],[1.0,0.0,0.0,0.341201,0.0,1.0,0.0,-0.236639,0.0,0.0,1.0,0.155865,0.0,0.0,0.0,1.0],[0.0,-0.998981,0.045136,-0.012913,0.0,-0.045136,-0.998981,-0.257276,1.0,0.0,0.0,0.173325,0.0,0.0,0.0,1.0],[0.0,0.999859,0.016821,0.044232,0.0,-0.016821,0.999859,-0.206944,1.0,0.0,0.0,0.252321,0.0,0.0,0.0,1.0],[0.0,0.999509,-0.031344,-0.016882,0.0,-0.031344,-0.999509,-0.275263,-1.0,0.0,0.0,0.285305,0.0,0.0,0.0,1.0],[-0.955814,0.0,0.293972,0.22045,0.0,1.0,0.0,-0.134642,-0.293972,0.0,-0.955814,0.194375,0.0,0.0,0.0,1.0],[0.0,-0.890559,-0.454867,-0.012913,0.0,0.454867,-0.890559,-0.279501,1.0,0.0,0.0,0.173325,0.0,0.0,0.0,1.0],[0.0,0.168148,-0.985762,0.023401,0.0,-0.985762,-0.168148,-0.271299,-1.0,0.0,0.0,0.252465,0.0,0.0,0.0,1.0],[1.0,0.0,0.0,0.103768,0.0,1.0,0.0,-0.289423,0.0,0.0,1.0,0.36265,0.0,0.0,0.0,1.0],[0.0,0.0,-1.0,0.044237,0.0,-1.0,0.0,-0.192189,-1.0,0.0,0.0,0.261844,0.0,0.0,0.0,1.0],[0.963253,0.09292,0.25201,0.045042,0.0,0.938254,-0.345948,-0.262832,-0.268595,0.333236,0.903776,0.346429,0.0,0.0,0.0,1.0],[0.0,-1.0,0.0,-0.012913,1.0,0.0,0.0,-0.268389,0.0,0.0,1.0,0.362589,0.0,0.0,0.0,1.0],[-0.268595,0.0,-0.963253,0.042519,0.0,-1.0,0.0,-0.262832,-0.963253,0.0,0.268595,0.347133,0.0,0.0,0.0,1.0],[1.0,0.0,0.0,0.26735,0.0,1.0,0.0,-0.297757,0.0,0.0,1.0,0.1785,0.0,0.0,0.0,1.0],[-0.026715,0.999639,0.003022,0.220715,-0.993304,-0.026885,0.11236,-0.199789,0.112401,0.0,0.993663,0.319954,0.0,0.0,0.0,1.0],[0.0,-1.0,0.0,0.029899,0.343583,0.0,0.939122,-0.256482,-0.939122,0.0,0.343583,0.207075,0.0,0.0,0.0,1.0],[0.0,-0.988514,0.151131,0.005303,0.0,-0.151131,-0.988514,-0.278906,1.0,0.0,0.0,0.173325,0.0,0.0,0.0,1.0],[0.766044,0.642714,0.009753,0.216853,-0.642788,0.765956,0.011623,-0.206633,0.0,-0.015173,0.999885,0.265361,0.0,0.0,0.0,1.0],[0.984578,-0.174946,0.0,0.1633,0.174946,0.984578,0.0,-0.260054,0.0,0.0,1.0,0.185164,0.0,0.0,0.0,1.0],[0.239157,0.0,-0.970981,-0.031129,-0.970981,0.0,-0.239157,-0.278906,0.0,1.0,0.0,0.271921,0.0,0.0,0.0,1.0],[0.960977,0.0,-0.276629,0.043513,0.0,1.0,0.0,-0.250529,0.276629,0.0,0.960977,0.346856,0.0,0.0,0.0,1.0],[1.0,0.0,0.0,0.087893,0.0,1.0,0.0,-0.247354,0.0,0.0,1.0,0.33486,0.0,0.0,0.0,1.0],[1.0,0.0,0.0,0.036697,0.0,1.0,0.0,-0.296357,0.0,0.0,1.0,0.179294,0.0,0.0,0.0,1.0],[0.164097,0.0,-0.986444,-0.012913,0.986444,0.0,0.164097,-0.247354,0.0,-1.0,0.0,0.172563,0.0,0.0,0.0,1.0],[0.0,0.293972,-0.955814,0.22045,1.0,0.0,0.0,-0.209875,0.0,-0.955814,-0.293972,0.194375,0.0,0.0,0.0,1.0],[0.875275,0.483625,0.0,-0.037519,-0.483625,0.875275,0.0,-0.31522,0.0,0.0,1.0,0.155865,0.0,0.0,0.0,1.0],[0.875275,0.483625,0.0,0.011693,-0.483625,0.875275,0.0,-0.31522,0.0,0.0,1.0,0.155865,0.0,0.0,0.0,1.0],[-1.0,0.0,0.0,0.118575,0.0,-1.0,0.0,-0.20687,0.0,0.0,1.0,0.263208,0.0,0.0,0.0,1.0],[1.0,0.0,0.0,0.103768,0.0,1.0,0.0,-0.268389,0.0,0.0,1.0,0.180881,0.0,0.0,0.0,1.0],[1.0,0.0,0.0,0.220551,0.0,1.0,0.0,-0.121942,0.0,0.0,1.0,0.168578,0.0,0.0,0.0,1.0],[0.0,-0.299729,0.954024,0.014315,1.0,0.0,0.0,-0.288311,0.0,0.954024,0.299729,0.219534,0.0,0.0,0.0,1.0],[0.789278,0.0,0.614035,0.231562,0.614035,0.0,-0.789278,-0.142182,0.0,1.0,0.0,0.207697,0.0,0.0,0.0,1.0],[0.998017,-0.06294,0.0,0.200606,0.06294,0.998017,0.0,-0.240607,0.0,0.0,1.0,0.184031,0.0,0.0,0.0,1.0],[0.0,-0.954024,-0.299729,0.014315,1.0,0.0,0.0,-0.288311,0.0,-0.299729,0.954024,0.227953,0.0,0.0,0.0,1.0],[0.011171,0.0,-0.999938,0.021241,0.0,1.0,0.0,-0.251537,0.999938,0.0,0.011171,0.222753,0.0,0.0,0.0,1.0],[0.995631,0.0,0.093372,0.031934,-0.093372,0.0,0.995631,-0.296357,0.0,-1.0,0.0,0.193581,0.0,0.0,0.0,1.0],[1.0,0.0,0.0,-0.037519,0.0,1.0,0.0,-0.221557,0.0,0.0,1.0,0.168578,0.0,0.0,0.0,1.0],[0.86903,0.0,0.494759,0.047015,0.494759,0.0,-0.86903,-0.296357,0.0,1.0,0.0,0.18485,0.0,0.0,0.0,1.0],[0.0,0.805206,-0.592995,0.048447,1.0,0.0,0.0,-0.193776,0.0,-0.592995,-0.805206,0.257634,0.0,0.0,0.0,1.0],[1.0,0.0,0.0,0.280876,0.0,1.0,0.0,-0.121942,0.0,0.0,1.0,0.168578,0.0,0.0,0.0,1.0],[0.0,1.0,0.0,0.031931,0.150244,0.0,-0.988649,-0.256482,-0.988649,0.0,-0.150244,0.223744,0.0,0.0,0.0,1.0],[0.211739,0.0,-0.977326,0.041459,-0.977326,0.0,-0.211739,-0.296357,0.0,1.0,0.0,0.195867,0.0,0.0,0.0,1.0],[0.877521,0.479538,0.0,0.240293,-0.479538,0.877521,0.0,-0.142182,0.0,0.0,1.0,0.171318,0.0,0.0,0.0,1.0],[1.0,0.0,0.0,0.021615,0.0,0.0,-1.0,-0.268206,0.0,1.0,0.0,0.251447,0.0,0.0,0.0,1.0],[1.0,0.0,0.0,0.190287,0.0,1.0,0.0,-0.31522,0.0,0.0,1.0,0.168578,0.0,0.0,0.0,1.0],[0.0,-0.976941,-0.21351,0.005896,-1.0,0.0,0.0,-0.283043,0.0,0.21351,-0.976941,0.219534,0.0,0.0,0.0,1.0],[-0.268858,0.0,-0.96318,0.042515,0.0,-1.0,0.0,-0.262832,-0.96318,0.0,0.268858,0.347118,0.0,0.0,0.0,1.0],[1.0,0.0,0.0,0.016456,0.0,1.0,0.0,-0.268206,0.0,0.0,1.0,0.222878,0.0,0.0,0.0,1.0],[1.0,0.0,0.0,0.160226,0.0,1.0,0.0,-0.121942,0.0,0.0,1.0,0.168578,0.0,0.0,0.0,1.0],[0.95876,0.0,0.284215,-0.012913,-0.284215,0.0,0.95876,-0.279501,0.0,-1.0,0.0,0.172563,0.0,0.0,0.0,1.0],[1.0,0.0,0.0,-0.012913,0.0,1.0,0.0,-0.268389,0.0,0.0,1.0,0.265019,0.0,0.0,0.0,1.0],[0.781312,0.0,0.624141,0.282431,0.624141,0.0,-0.781312,-0.180282,0.0,1.0,0.0,0.184412,0.0,0.0,0.0,1.0],[0.769266,0.0,-0.638929,0.239897,-0.638929,0.0,-0.769266,-0.217589,0.0,1.0,0.0,0.186818,0.0,0.0,0.0,1.0],[1.0,0.0,0.0,0.079162,0.0,1.0,0.0,-0.243782,0.0,0.0,1.0,0.192762,0.0,0.0,0.0,1.0],[0.247097,0.968991,0.0,0.044237,-0.968991,0.247097,0.0,-0.219176,0.0,0.0,1.0,0.279007,0.0,0.0,0.0,1.0],[0.998017,-0.06294,0.0,0.240293,0.06294,0.998017,0.0,-0.142182,0.0,0.0,1.0,0.184031,0.0,0.0,0.0,1.0],[0.0,-0.961817,0.273695,0.282431,0.0,0.273695,0.961817,-0.297757,-1.0,0.0,0.0,0.18365,0.0,0.0,0.0,1.0],[0.721316,0.0,0.692606,0.005303,0.692606,0.0,-0.721316,-0.278906,0.0,1.0,0.0,0.271921,0.0,0.0,0.0,1.0],[0.011174,0.0,-0.999938,0.021241,0.0,1.0,0.0,-0.251413,0.999938,0.0,0.011174,0.222688,0.0,0.0,0.0,1.0],[0.996392,0.0,-0.08487,0.036697,0.0,1.0,0.0,-0.231035,0.08487,0.0,0.996392,0.188025,0.0,0.0,0.0,1.0],[0.960473,0.0,-0.278374,-0.012913,-0.278374,0.0,-0.960473,-0.289423,0.0,1.0,0.0,0.271921,0.0,0.0,0.0,1.0],[0.877521,0.479538,0.0,0.240293,-0.479538,0.877521,0.0,-0.240607,0.0,0.0,1.0,0.171318,0.0,0.0,0.0,1.0],[0.0,-0.617473,0.786592,0.018043,0.0,0.786592,0.617473,-0.268206,-1.0,0.0,0.0,0.253765,0.0,0.0,0.0,1.0],[-1.0,0.0,0.0,0.22045,0.0,-1.0,0.0,-0.209651,0.0,0.0,1.0,0.168975,0.0,0.0,0.0,1.0],[0.0,-0.177885,0.984051,0.048447,-1.0,0.0,0.0,-0.189301,0.0,-0.984051,-0.177885,0.266053,0.0,0.0,0.0,1.0],[-0.961959,0.0,-0.273193,0.148135,0.0,-1.0,0.0,-0.274739,-0.273193,0.0,0.961959,0.350359,0.0,0.0,0.0,1.0],[0.0,0.991382,-0.131005,0.047015,0.0,-0.131005,-0.991382,-0.296357,-1.0,0.0,0.0,0.184469,0.0,0.0,0.0,1.0],[0.0,0.989945,0.141451,0.023401,0.0,0.141451,-0.989945,-0.265113,-1.0,0.0,0.0,0.253765,0.0,0.0,0.0,1.0],[0.0,0.62514,0.780512,-0.012913,0.0,-0.780512,0.62514,-0.247354,1.0,0.0,0.0,0.173325,0.0,0.0,0.0,1.0],[0.778005,0.0,0.628258,0.26735,0.0,1.0,0.0,-0.173939,-0.628258,0.0,0.778005,0.188819,0.0,0.0,0.0,1.0],[0.921943,-0.387325,0.0,-0.040694,0.387325,0.921943,0.0,-0.268389,0.0,0.0,1.0,0.337225,0.0,0.0,0.0,1.0],[0.0,-0.372473,-0.928043,0.023401,0.0,-0.928043,0.372473,-0.271299,-1.0,0.0,0.0,0.253765,0.0,0.0,0.0,1.0],[1.0,0.0,0.0,0.1633,0.0,1.0,0.0,-0.260054,0.0,0.0,1.0,0.210137,0.0,0.0,0.0,1.0],[1.0,0.0,0.0,0.111706,0.0,1.0,0.0,-0.247354,0.0,0.0,1.0,0.372969,0.0,0.0,0.0,1.0],[0.99946,0.0,0.032874,0.215223,0.0,1.0,0.0,-0.227463,-0.032874,0.0,0.99946,0.182837,0.0,0.0,0.0,1.0],[0.268595,0.0,-0.963253,0.042519,0.0,1.0,0.0,-0.273945,0.963253,0.0,0.268595,0.347133,0.0,0.0,0.0,1.0],[0.0,0.86879,0.49518,0.023401,0.0,-0.49518,0.86879,-0.265113,1.0,0.0,0.0,0.246006,0.0,0.0,0.0,1.0],[1.0,0.0,0.0,0.341201,0.0,1.0,0.0,-0.236639,0.0,0.0,1.0,0.168578,0.0,0.0,0.0,1.0],[-0.863486,0.504373,0.0,0.041099,-0.504373,-0.863486,0.0,-0.20687,0.0,0.0,1.0,0.280594,0.0,0.0,0.0,1.0],[0.875275,0.483625,0.0,-0.037519,-0.483625,0.875275,0.0,-0.221557,0.0,0.0,1.0,0.155865,0.0,0.0,0.0,1.0],[1.0,0.0,0.0,0.011693,0.0,1.0,0.0,-0.221557,0.0,0.0,1.0,0.168578,0.0,0.0,0.0,1.0],[0.86903,0.0,0.494759,0.026378,0.494759,0.0,-0.86903,-0.240607,0.0,1.0,0.0,0.18485,0.0,0.0,0.0,1.0],[0.0,1.0,0.0,0.031931,0.150244,0.0,-0.988649,-0.256482,-0.988649,0.0,-0.150244,0.207075,0.0,0.0,0.0,1.0],[0.0,-0.981414,-0.191903,0.201003,0.0,-0.191903,0.981414,-0.217589,-1.0,0.0,0.0,0.186056,0.0,0.0,0.0,1.0],[0.908072,-0.418815,0.0,0.1633,0.418815,0.908072,0.0,-0.260054,0.0,0.0,1.0,0.201512,0.0,0.0,0.0,1.0],[-0.239942,0.0,0.970787,-0.012913,0.970787,0.0,0.239942,-0.289423,0.0,1.0,0.0,0.272607,0.0,0.0,0.0,1.0],[0.270731,0.0,-0.962655,-0.013314,0.0,-1.0,0.0,-0.288232,-0.962655,0.0,-0.270731,0.330497,0.0,0.0,0.0,1.0],[0.0,1.0,0.0,0.021615,-1.0,0.0,0.0,-0.268206,0.0,0.0,1.0,0.256222,0.0,0.0,0.0,1.0],[0.211739,0.0,-0.977326,0.031934,-0.977326,0.0,-0.211739,-0.240607,0.0,1.0,0.0,0.195867,0.0,0.0,0.0,1.0],[0.0,0.096123,-0.995369,0.040028,1.0,0.0,0.0,-0.233176,0.0,-0.995369,-0.096123,0.257634,0.0,0.0,0.0,1.0],[1.0,0.0,0.0,0.029187,0.0,0.027571,0.99962,-0.264179,0.0,-0.99962,0.027571,0.227953,0.0,0.0,0.0,1.0],[0.0,-0.981414,-0.191903,0.239897,0.0,-0.191903,0.981414,-0.217589,-1.0,0.0,0.0,0.186056,0.0,0.0,0.0,1.0],[0.772237,0.0,0.635334,0.005303,-0.635334,0.0,0.772237,-0.278906,0.0,-1.0,0.0,0.172563,0.0,0.0,0.0,1.0],[-0.879478,0.0,-0.47594,0.141075,-0.47594,0.0,0.879478,-0.260054,0.0,1.0,0.0,0.183243,0.0,0.0,0.0,1.0],[0.0,0.21351,-0.976941,0.005896,-1.0,0.0,0.0,-0.283043,0.0,0.976941,0.21351,0.227953,0.0,0.0,0.0,1.0],[0.0,-0.987106,0.160066,0.048447,-1.0,0.0,0.0,-0.228701,0.0,-0.160066,-0.987106,0.257634,0.0,0.0,0.0,1.0],[1.0,0.0,0.0,0.149806,0.0,1.0,0.0,-0.260054,0.0,0.0,1.0,0.1785,0.0,0.0,0.0,1.0],[1.0,0.0,0.0,0.079162,0.0,1.0,0.0,-0.292995,0.0,0.0,1.0,0.192762,0.0,0.0,0.0,1.0],[0.973275,0.229644,0.0,0.1633,-0.229644,0.973275,0.0,-0.260054,0.0,0.0,1.0,0.205481,0.0,0.0,0.0,1.0],[0.0,0.08487,-0.996392,0.036697,1.0,0.0,0.0,-0.268341,0.0,-0.996392,-0.08487,0.188025,0.0,0.0,0.0,1.0],[0.0,0.984051,0.177885,0.040028,-1.0,0.0,0.0,-0.189301,0.0,-0.177885,0.984051,0.266053,0.0,0.0,0.0,1.0],[-0.949765,0.0,0.312965,0.154172,-0.312965,0.0,-0.949765,-0.267616,0.0,-1.0,0.0,0.180881,0.0,0.0,0.0,1.0],[-0.999859,-0.016821,0.0,0.044237,0.016821,-0.999859,0.0,-0.206627,0.0,0.0,1.0,0.256486,0.0,0.0,0.0,1.0],[1.0,0.0,0.0,0.033125,0.0,1.0,0.0,-0.272598,0.0,0.0,1.0,0.227953,0.0,0.0,0.0,1.0],[0.875275,0.483625,0.0,0.133931,-0.483625,0.875275,0.0,-0.31522,0.0,0.0,1.0,0.155865,0.0,0.0,0.0,1.0],[1.0,0.0,0.0,0.021615,0.0,1.0,0.0,-0.268206,0.0,0.0,1.0,0.223744,0.0,0.0,0.0,1.0],[0.745918,0.0,0.666038,0.154172,-0.666038,0.0,0.745918,-0.252493,0.0,-1.0,0.0,0.180881,0.0,0.0,0.0,1.0],[-0.857631,1e-05,-0.514265,0.22045,-9e-06,-1.0,-5e-06,-0.209651,-0.514265,0.0,0.857631,0.208662,0.0,0.0,0.0,1.0],[0.0,-1.0,0.0,0.029899,0.343583,0.0,0.939122,-0.256482,-0.939122,0.0,0.343583,0.223744,0.0,0.0,0.0,1.0],[0.0,0.987106,-0.160066,0.040028,-1.0,0.0,0.0,-0.228701,0.0,0.160066,0.987106,0.266053,0.0,0.0,0.0,1.0],[-0.004958,0.99946,0.032497,0.225551,-0.988559,0.0,-0.150833,-0.227463,-0.150751,-0.032874,0.988025,0.212676,0.0,0.0,0.0,1.0],[1.0,0.0,0.0,0.095831,0.0,1.0,0.0,-0.289423,0.0,0.0,1.0,0.372969,0.0,0.0,0.0,1.0],[1.0,0.0,7e-06,0.020866,0.0,1.0,0.0,-0.278909,-7e-06,0.0,1.0,0.189219,0.0,0.0,0.0,1.0],[1.0,0.0,0.0,0.044237,0.0,1.0,0.0,-0.219176,0.0,0.0,1.0,0.266439,0.0,0.0,0.0,1.0],[1.0,0.0,0.0,0.111706,0.0,1.0,0.0,-0.289423,0.0,0.0,1.0,0.372969,0.0,0.0,0.0,1.0],[0.0,-0.863234,0.504804,0.023401,0.0,-0.504804,-0.863234,-0.271299,1.0,0.0,0.0,0.246006,0.0,0.0,0.0,1.0],[-0.504373,-0.260363,-0.823297,0.040933,0.863486,-0.152081,-0.480899,-0.206586,0.0,-0.953458,0.301525,0.283674,0.0,0.0,0.0,1.0],[0.0,-0.961817,0.273695,0.252269,0.0,0.273695,0.961817,-0.180282,-1.0,0.0,0.0,0.18365,0.0,0.0,0.0,1.0],[1.0,0.0,0.0,0.087893,0.0,1.0,0.0,-0.247354,0.0,0.0,1.0,0.342806,0.0,0.0,0.0,1.0],[0.936334,0.0,-0.35111,0.005303,0.35111,0.0,0.936334,-0.257871,0.0,-1.0,0.0,0.172563,0.0,0.0,0.0,1.0],[0.789278,0.0,0.614035,0.231562,0.614035,0.0,-0.789278,-0.240607,0.0,1.0,0.0,0.207697,0.0,0.0,0.0,1.0],[0.243925,-0.966872,0.075228,0.036697,0.969619,0.244618,0.0,-0.254588,-0.018402,0.072943,0.997166,0.188025,0.0,0.0,0.0,1.0],[0.239942,0.0,-0.970787,-0.012913,-0.970787,0.0,-0.239942,-0.247354,0.0,1.0,0.0,0.272607,0.0,0.0,0.0,1.0],[0.0,-0.963253,0.268595,0.043513,1.0,0.0,0.0,-0.268389,0.0,0.268595,0.963253,0.346856,0.0,0.0,0.0,1.0],[0.0,-0.963253,0.268595,0.043513,1.0,0.0,0.0,-0.28982,0.0,0.268595,0.963253,0.346856,0.0,0.0,0.0,1.0],[0.0,0.985726,0.168355,0.043513,-1.0,0.0,0.0,-0.246957,0.0,-0.168355,0.985726,0.346856,0.0,0.0,0.0,1.0],[0.99946,0.0,0.032874,0.2194,0.0,1.0,0.0,-0.227463,-0.032874,0.0,0.99946,0.197789,0.0,0.0,0.0,1.0],[0.99946,0.0,0.032874,0.20036,0.0,1.0,0.0,-0.227463,-0.032874,0.0,0.99946,0.198415,0.0,0.0,0.0,1.0],[0.99946,0.0,0.032874,0.20274,0.0,1.0,0.0,-0.227463,-0.032874,0.0,0.99946,0.198337,0.0,0.0,0.0,1.0],[0.032874,-0.568819,-0.821805,0.038369,0.0,0.82225,-0.569127,-0.227463,0.99946,0.018709,0.02703,0.199069,0.0,0.0,0.0,1.0],[1.0,0.0,0.0,0.118168,0.0,0.514486,0.857499,-0.206696,0.0,-0.857499,0.514486,0.262706,0.0,0.0,0.0,1.0],[-0.026667,0.999639,-0.003417,0.220556,-0.991532,-0.026885,-0.127049,-0.205703,-0.127095,0.0,0.991891,0.338062,0.0,0.0,0.0,1.0],[-0.581642,-0.813445,0.0,0.044237,0.813445,-0.581642,0.0,-0.219176,0.0,0.0,1.0,0.260405,0.0,0.0,0.0,1.0],[0.025173,0.999639,0.009442,0.220556,0.935969,-0.026885,0.351054,-0.205703,0.351181,0.0,-0.936308,0.338062,0.0,0.0,0.0,1.0],[0.708138,-0.172474,-0.684685,0.189238,0.0,0.969707,-0.244271,-0.205223,0.706074,0.172978,0.686686,0.262735,0.0,0.0,0.0,1.0],[-0.025646,0.999639,0.00807,0.220556,-0.953546,-0.026885,0.300047,-0.205684,0.300155,0.0,0.95389,0.299026,0.0,0.0,0.0,1.0],[-0.02682,0.999639,-0.001868,0.220164,-0.997222,-0.026885,-0.069465,-0.220287,-0.06949,0.0,0.997583,0.320226,0.0,0.0,0.0,1.0],[-0.025646,0.999639,-0.00807,0.220343,-0.953546,-0.026885,-0.300047,-0.213618,-0.300155,0.0,0.95389,0.299026,0.0,0.0,0.0,1.0],[-0.482032,0.006754,0.876127,0.04137,0.876153,0.003716,0.482018,-0.20671,0.0,0.99997,-0.007709,0.277806,0.0,0.0,0.0,1.0],[-0.026729,0.999639,0.002894,0.220556,-0.993828,-0.026885,0.107621,-0.205684,0.10766,0.0,0.994188,0.299026,0.0,0.0,0.0,1.0],[0.708138,0.0,-0.706074,0.189209,0.0,1.0,0.0,-0.210589,0.706074,0.0,0.708138,0.262706,0.0,0.0,0.0,1.0],[-1.0,0.0,0.0,0.041883,0.0,0.0,1.0,-0.206696,0.0,1.0,0.0,0.281756,0.0,0.0,0.0,1.0],[-0.026667,0.999639,0.003417,0.220343,-0.991532,-0.026885,0.127049,-0.213599,0.127095,0.0,0.991891,0.338062,0.0,0.0,0.0,1.0],[0.025173,0.999639,-0.009442,0.220343,0.935969,-0.026885,-0.351054,-0.213599,-0.351181,0.0,-0.936308,0.338062,0.0,0.0,0.0,1.0],[0.706074,-0.708138,0.0,0.189209,0.0,0.0,1.0,-0.208303,-0.708138,-0.706074,0.0,0.262706,0.0,0.0,0.0,1.0],[-0.026729,0.999639,-0.002894,0.220343,-0.993828,-0.026885,-0.107621,-0.213618,-0.10766,0.0,0.994188,0.299026,0.0,0.0,0.0,1.0],[0.99159,0.0,0.129416,0.220316,0.0,1.0,0.0,-0.209651,-0.129416,0.0,0.99159,0.285532,0.0,0.0,0.0,1.0],[-0.026885,0.999639,0.0,0.22045,-0.999639,-0.026885,0.0,-0.209651,0.0,0.0,1.0,0.276007,0.0,0.0,0.0,1.0],[-0.02682,0.999639,0.001868,0.220736,-0.997222,-0.026885,0.069465,-0.199015,0.06949,0.0,0.997583,0.320226,0.0,0.0,0.0,1.0],[-1.0,0.0,0.0,0.119359,0.0,-1.0,0.0,-0.206696,0.0,0.0,1.0,0.262706,0.0,0.0,0.0,1.0],[0.185355,0.982672,0.0,0.044237,-0.982672,0.185355,0.0,-0.219176,0.0,0.0,1.0,0.278505,0.0,0.0,0.0,1.0],[-0.893639,0.448786,0.0,0.041883,-0.448786,-0.893639,0.0,-0.206696,0.0,0.0,1.0,0.280093,0.0,0.0,0.0,1.0],[-0.448786,-0.269455,-0.852048,0.041735,0.893639,-0.13532,-0.427898,-0.206402,0.0,-0.953458,0.301525,0.283173,0.0,0.0,0.0,1.0],[1.0,0.0,0.0,0.118965,0.0,0.514486,0.857499,-0.206572,0.0,-0.857499,0.514486,0.262232,0.0,0.0,0.0,1.0],[-0.026515,0.999639,-0.004446,0.220556,-0.985875,-0.026885,-0.165312,-0.205703,-0.165371,0.0,0.986231,0.338062,0.0,0.0,0.0,1.0],[-0.528874,-0.848701,0.0,0.044237,0.848701,-0.528874,0.0,-0.219176,0.0,0.0,1.0,0.259931,0.0,0.0,0.0,1.0],[0.024789,0.999639,0.010408,0.220556,0.921688,-0.026885,0.387,-0.205703,0.38714,0.0,-0.922021,0.338062,0.0,0.0,0.0,1.0],[0.708138,-0.172474,-0.684685,0.190034,0.0,0.969707,-0.244271,-0.205099